2.346551179885864258e+00 -2.100699424743652344e+00
2.753859043121337891e+00 -2.333140850067138672e+00
1.433006286621093750e+00 -1.509193062782287598e+00
3.014331817626953125e+00 -2.606942415237426758e+00
1.283150792121887207e+00 -1.263764858245849609e+00
-3.148143768310546875e+00 2.733762264251708984e+00
-3.052158117294311523e+00 2.770350456237792969e+00
3.093338727951049805e+00 -2.659884452819824219e+00
-2.973849058151245117e+00 2.751281738281250000e+00
2.154189825057983398e+00 -1.944317579269409180e+00
2.559001445770263672e+00 -2.197557926177978516e+00
3.007698774337768555e+00 -2.303670406341552734e+00
3.159581661224365234e+00 -2.566613674163818359e+00
-2.734242439270019531e+00 2.415342330932617188e+00
2.939403057098388672e+00 -2.446622133255004883e+00
2.243834972381591797e+00 -1.914649605751037598e+00
3.213519811630249023e+00 -2.579511642456054688e+00
-2.759716272354125977e+00 2.512410879135131836e+00
2.795284032821655273e+00 -2.329050779342651367e+00
-2.966154336929321289e+00 2.541214942932128906e+00
-3.006233692169189453e+00 2.661361932754516602e+00
2.733779430389404297e+00 -2.346594572067260742e+00
-3.048429012298583984e+00 2.771625041961669922e+00
-2.699448823928833008e+00 2.348190784454345703e+00
3.098085403442382812e+00 -2.647941589355468750e+00
-3.055076599121093750e+00 2.772901535034179688e+00
1.894164323806762695e+00 -1.698379039764404297e+00
2.947949886322021484e+00 -2.576264381408691406e+00
-2.999469995498657227e+00 2.757276058197021484e+00
2.331731081008911133e+00 -2.251582622528076172e+00
3.189662456512451172e+00 -2.556089401245117188e+00
-3.043751478195190430e+00 2.761454582214355469e+00
-2.410542011260986328e+00 2.103953599929809570e+00
2.979607820510864258e+00 -2.528087139129638672e+00
2.495596885681152344e+00 -2.205689668655395508e+00
3.057847023010253906e+00 -2.642625331878662109e+00
-3.115199804306030273e+00 2.788444519042968750e+00
-2.971479892730712891e+00 2.725710868835449219e+00
-2.651985168457031250e+00 2.309914112091064453e+00
-3.047768115997314453e+00 2.790221929550170898e+00
3.027052402496337891e+00 -2.601681232452392578e+00
2.676608085632324219e+00 -2.410115003585815430e+00
-3.113872051239013672e+00 2.812739372253417969e+00
-3.061457157135009766e+00 2.776107549667358398e+00
2.430221080780029297e+00 -2.133302688598632812e+00
2.544415712356567383e+00 -2.277045249938964844e+00
2.938345432281494141e+00 -2.395649194717407227e+00
-3.040511369705200195e+00 2.743645668029785156e+00
-3.008513212203979492e+00 2.775236845016479492e+00
-2.932895421981811523e+00 2.566015720367431641e+00
-3.001431226730346680e+00 2.739347696304321289e+00
1.922894954681396484e+00 -1.718563199043273926e+00
-3.084684133529663086e+00 2.707081556320190430e+00
1.089345097541809082e+00 -1.205000519752502441e+00
2.979607820510864258e+00 -2.528087139129638672e+00
-2.788554191589355469e+00 2.554071664810180664e+00
2.847258806228637695e+00 -2.564316749572753906e+00
3.149104118347167969e+00 -2.629685640335083008e+00
-2.954681873321533203e+00 2.679277420043945312e+00
2.890878438949584961e+00 -2.468486547470092773e+00
-3.036738872528076172e+00 2.813954114913940430e+00
3.173672199249267578e+00 -2.550613164901733398e+00
-3.029266357421875000e+00 2.758463859558105469e+00
-2.836796045303344727e+00 2.564992904663085938e+00
2.940659523010253906e+00 -2.512051820755004883e+00
2.192890167236328125e+00 -1.854048728942871094e+00
-3.012980461120605469e+00 2.592807769775390625e+00
2.642559528350830078e+00 -2.394388198852539062e+00
2.938345432281494141e+00 -2.395649194717407227e+00
-2.907850265502929688e+00 2.656435966491699219e+00
-3.067056417465209961e+00 2.795886516571044922e+00
-3.082439899444580078e+00 2.645658969879150391e+00
2.899785041809082031e+00 -2.476393222808837891e+00
-2.668809890747070312e+00 2.345482587814331055e+00
2.926300764083862305e+00 -2.464015007019042969e+00
3.072288513183593750e+00 -2.629322290420532227e+00
-2.358611106872558594e+00 2.054069995880126953e+00
1.656317710876464844e+00 -1.583289504051208496e+00
-3.102961778640747070e+00 2.860873699188232422e+00
2.505395174026489258e+00 -2.137648820877075195e+00
2.285471439361572266e+00 -1.903235316276550293e+00
2.850154399871826172e+00 -2.528760194778442383e+00
-3.053593158721923828e+00 2.783980369567871094e+00
-2.463207960128784180e+00 2.123985767364501953e+00
2.330107688903808594e+00 -2.100178718566894531e+00
3.123068809509277344e+00 -2.462002277374267578e+00
-2.782821416854858398e+00 2.404545307159423828e+00
-2.898172855377197266e+00 2.596033096313476562e+00
2.667935848236083984e+00 -2.191552639007568359e+00
-2.992375373840332031e+00 2.734814643859863281e+00
-2.956633567810058594e+00 2.670427799224853516e+00
2.509335994720458984e+00 -2.223242998123168945e+00
-3.066270112991333008e+00 2.728810071945190430e+00
2.663873434066772461e+00 -2.247509717941284180e+00
-2.926038742065429688e+00 2.662053585052490234e+00
3.107537984848022461e+00 -2.665306329727172852e+00
-3.073467016220092773e+00 2.762113094329833984e+00
-2.834586143493652344e+00 2.594347000122070312e+00
2.901941776275634766e+00 -2.642108917236328125e+00
2.895546436309814453e+00 -2.388928890228271484e+00
-2.838162899017333984e+00 2.481704235076904297e+00
2.647986412048339844e+00 -2.367398262023925781e+00
-2.674845695495605469e+00 2.360916852951049805e+00
3.181623935699462891e+00 -2.543529987335205078e+00
-2.963479042053222656e+00 2.693598031997680664e+00
2.435217380523681641e+00 -2.091449499130249023e+00
2.633512973785400391e+00 -2.380562305450439453e+00
-2.997771024703979492e+00 2.691457748413085938e+00
2.939184665679931641e+00 -2.554693937301635742e+00
-2.554098606109619141e+00 2.242138385772705078e+00
2.459696292877197266e+00 -2.208837270736694336e+00
-2.241134405136108398e+00 1.849176883697509766e+00
2.297475576400756836e+00 -2.040987491607666016e+00
-2.744570255279541016e+00 2.436804771423339844e+00
-3.001431226730346680e+00 2.739347696304321289e+00
-2.833962440490722656e+00 2.578373670578002930e+00
3.241741418838500977e+00 -2.695614337921142578e+00
-2.781497240066528320e+00 2.502421140670776367e+00
-3.027522802352905273e+00 2.717600822448730469e+00
3.116423130035400391e+00 -2.498338937759399414e+00
-3.062201023101806641e+00 2.806447982788085938e+00
3.050783634185791016e+00 -2.666328907012939453e+00
-3.105099439620971680e+00 2.837855815887451172e+00
2.103413581848144531e+00 -1.873190402984619141e+00
-2.830507755279541016e+00 2.521499633789062500e+00
-2.978660821914672852e+00 2.784209728240966797e+00
-2.957682371139526367e+00 2.663653850555419922e+00
3.046004295349121094e+00 -2.686293363571166992e+00
2.141748905181884766e+00 -1.753266096115112305e+00
-3.019155025482177734e+00 2.768638610839843750e+00
-2.879921197891235352e+00 2.586080789566040039e+00
-2.928169727325439453e+00 2.721104621887207031e+00
-2.948827981948852539e+00 2.674789428710937500e+00
3.155778884887695312e+00 -2.534994602203369141e+00
2.894198179244995117e+00 -2.472464561462402344e+00
1.516546726226806641e+00 -1.538475513458251953e+00
2.742750406265258789e+00 -2.257750272750854492e+00
3.105491161346435547e+00 -2.697820425033569336e+00
-3.054430484771728516e+00 2.809667825698852539e+00
2.192684173583984375e+00 -1.979011178016662598e+00
-3.047979354858398438e+00 2.764781951904296875e+00
3.007698774337768555e+00 -2.303670406341552734e+00
-3.096447467803955078e+00 2.800792932510375977e+00
-2.295855581760406494e-01 -1.306791752576828003e-01
-3.137953281402587891e+00 2.621809482574462891e+00
-5.196191072463989258e-01 1.718551516532897949e-01
-2.994723081588745117e+00 2.712605476379394531e+00
-2.957283973693847656e+00 2.660613775253295898e+00
2.884810209274291992e+00 -2.424862623214721680e+00
-2.784690380096435547e+00 2.526611328125000000e+00
2.938345432281494141e+00 -2.395649194717407227e+00
2.908066034317016602e+00 -2.534857749938964844e+00
-2.798787593841552734e+00 2.493346929550170898e+00
-2.160918474197387695e+00 1.791229844093322754e+00
3.023102283477783203e+00 -2.633207798004150391e+00
-2.672099828720092773e+00 2.374541997909545898e+00
-3.044049978256225586e+00 2.783182621002197266e+00
-3.032659053802490234e+00 2.739521980285644531e+00
3.192719936370849609e+00 -2.545581102371215820e+00
3.164779186248779297e+00 -2.538854360580444336e+00
2.940733671188354492e+00 -2.417716503143310547e+00
3.014873266220092773e+00 -2.629502296447753906e+00
-3.093452453613281250e+00 2.797576904296875000e+00
2.961440563201904297e+00 -2.449902772903442383e+00
-2.457768440246582031e+00 2.131467342376708984e+00
-3.117486238479614258e+00 2.848936557769775391e+00
-3.016126394271850586e+00 2.697439193725585938e+00
-2.931961059570312500e+00 2.586029052734375000e+00
-2.996563911437988281e+00 2.766551017761230469e+00
-2.508604288101196289e+00 2.287876605987548828e+00
-2.260212421417236328e+00 1.942991971969604492e+00
2.941256046295166016e+00 -2.618358612060546875e+00
3.117781639099121094e+00 -2.673907995223999023e+00
2.527178525924682617e+00 -2.358451604843139648e+00
2.821039915084838867e+00 -2.424260377883911133e+00
2.605879783630371094e+00 -2.208194494247436523e+00
2.917581081390380859e+00 -2.319023370742797852e+00
-3.027393341064453125e+00 2.779189586639404297e+00
-2.959335327148437500e+00 2.671916961669921875e+00
-2.658252716064453125e+00 2.356714725494384766e+00
-2.174484729766845703e+00 1.907583951950073242e+00
-3.011393070220947266e+00 2.782834529876708984e+00
-2.577815294265747070e+00 2.209534168243408203e+00
-3.138031721115112305e+00 2.823404312133789062e+00
-2.540782213211059570e+00 2.252726078033447266e+00
1.476980686187744141e+00 -1.495865583419799805e+00
2.865841388702392578e+00 -2.461341142654418945e+00
-2.712336063385009766e+00 2.419453620910644531e+00
2.975283145904541016e+00 -2.576342821121215820e+00
2.270120382308959961e+00 -1.959588289260864258e+00
-3.047177314758300781e+00 2.830240249633789062e+00
-2.950520753860473633e+00 2.669219017028808594e+00
2.972374916076660156e+00 -2.411998271942138672e+00
-2.816282749176025391e+00 2.598463058471679688e+00
2.078861236572265625e+00 -1.816401362419128418e+00
-2.983177661895751953e+00 2.760250806808471680e+00
2.475298881530761719e+00 -2.107896804809570312e+00
-2.825677394866943359e+00 2.607469797134399414e+00
-2.719518184661865234e+00 2.392384529113769531e+00
2.204007148742675781e+00 -1.871916890144348145e+00
-2.809350967407226562e+00 2.469714641571044922e+00
-2.533851385116577148e+00 2.195482969284057617e+00
2.985326766967773438e+00 -2.607087612152099609e+00
3.174916267395019531e+00 -2.546750068664550781e+00
2.961440563201904297e+00 -2.449902772903442383e+00
2.147301197052001953e+00 -1.788177847862243652e+00
1.429818987846374512e+00 -1.467910885810852051e+00
2.708363533020019531e+00 -2.444865703582763672e+00
2.814444065093994141e+00 -2.394190788269042969e+00
3.098414897918701172e+00 -2.613178491592407227e+00
2.563367366790771484e+00 -2.247526407241821289e+00
-2.992889404296875000e+00 2.782549381256103516e+00
3.182096958160400391e+00 -2.629091739654541016e+00
-2.885699033737182617e+00 2.672589063644409180e+00
-2.893993854522705078e+00 2.633811712265014648e+00
3.064080715179443359e+00 -2.585843324661254883e+00
4.122803807258605957e-01 -6.550602912902832031e-01
2.169704914093017578e+00 -1.859534740447998047e+00
-3.100466728210449219e+00 2.767126083374023438e+00
2.776723384857177734e+00 -2.258262872695922852e+00
-2.930950164794921875e+00 2.665107727050781250e+00
-3.126905918121337891e+00 2.628391742706298828e+00
